Y = [   0   0   1000;
        0   0   -1000;
        0   1000   0;
        0   -1000  0;
        1000   0   0;
        -1000  0   0];
%Raw data gathered for calibration
w1raw = [
22.204000 3.355000 1032.058960
21.777000 2.867000 1032.485962
21.289000 3.843000 1032.912964
22.448000 4.209000 1033.706055
22.448000 2.562000 1031.754028
22.264999 4.453000 1031.631958
21.533001 1.281000 1032.302979
19.642000 4.819000 1034.255005
21.959999 3.782000 1032.668945
22.448000 3.416000 1031.631958
23.973000 4.331000 1031.510010
22.753000 3.904000 1030.534058
19.825001 2.806000 1033.949951
20.679001 2.501000 1033.766968
21.289000 3.477000 1031.998047
22.326000 2.684000 1031.021973
21.228001 2.928000 1030.473022
20.862000 4.026000 1032.608032
20.923000 4.087000 1033.279053
20.252001 2.989000 1033.645020
22.813999 2.989000 1030.717041
21.410999 3.538000 1032.058960
21.655001 3.294000 1030.656006
20.923000 4.453000 1032.791016
20.252001 3.782000 1032.181030
21.167000 2.196000 1032.912964
21.716000 4.636000 1031.937012
22.570000 3.965000 1031.144043
23.240999 3.172000 1031.387939
20.740000 1.708000 1034.072021
19.275999 0.793000 1032.119995
22.813999 4.026000 1031.814941
21.716000 2.745000 1032.364014
22.936001 2.318000 1032.791016
20.556999 2.989000 1032.058960
21.228001 3.843000 1032.791016
21.410999 2.440000 1033.156982
20.618000 3.294000 1032.058960
22.691999 3.294000 1031.265991
22.448000 2.379000 1031.265991
21.106001 4.270000 1032.973999
20.496000 2.562000 1032.119995
22.204000 2.684000 1030.961060
21.959999 3.111000 1032.058960
21.655001 3.721000 1032.302979
];
w2raw = [
22.082001 16.104000 -984.601013
22.204000 16.104000 -984.783997
22.570000 17.872999 -985.638000
21.350000 17.018999 -984.112976
23.302000 16.591999 -986.309021
21.837999 17.263000 -985.333008
22.082001 17.507000 -984.906006
24.156000 14.091000 -984.906006
22.875000 14.579000 -983.075989
23.058001 15.921000 -985.333008
22.448000 18.117001 -985.515991
21.716000 16.165001 -986.857971
22.570000 18.299999 -985.393982
22.082001 15.860000 -985.698975
23.546000 17.323999 -984.356995
22.936001 16.531000 -984.052002
23.667999 14.457000 -984.966980
21.716000 15.311000 -983.197998
23.180000 16.531000 -984.906006
23.118999 16.469999 -987.468018
21.899000 17.995001 -984.356995
22.875000 15.616000 -985.333008
22.936001 17.934000 -985.577026
21.899000 16.896999 -984.174011
23.302000 14.518000 -985.271973
23.240999 16.591999 -984.783997
24.583000 15.738000 -985.515991
23.118999 15.128000 -985.760010
20.801001 16.104000 -986.247986
22.875000 15.982000 -985.942993
20.801001 15.738000 -985.820984
23.180000 15.738000 -987.346008
22.509001 15.372000 -984.418030
22.386999 19.153999 -984.906006
23.485001 16.042999 -985.820984
22.631001 17.872999 -984.112976
21.899000 15.555000 -985.333008
22.875000 17.202000 -985.333008
22.143000 16.714001 -985.333008
23.302000 16.042999 -984.783997
22.691999 16.469999 -983.625000
22.082001 15.860000 -986.369995
23.363001 19.215000 -983.747009
23.118999 15.555000 -982.283020
23.302000 16.714001 -984.661987
22.143000 14.518000 -986.369995
21.410999 16.836000 -984.844971
24.461000 17.750999 -985.088989
22.448000 15.616000 -985.882019
];
w3raw = [
44.224998 1052.067017 30.195000
45.262001 1052.677002 31.598000
43.737000 1052.494019 30.500000
43.737000 1053.042969 30.622000
44.834999 1052.188965 30.500000
45.750000 1053.225952 29.035999
44.652000 1055.360962 29.524000
45.201000 1052.432983 29.768000
45.445000 1052.494019 28.670000
45.018002 1052.738037 29.341000
43.249001 1053.775024 27.754999
46.848000 1051.395996 30.927000
44.347000 1054.140991 28.731001
44.957001 1052.371948 29.035999
44.529999 1053.592041 28.059999
45.567001 1052.615967 30.011999
43.980999 1053.836060 28.975000
45.323002 1051.578979 28.731001
44.773998 1052.494019 29.158001
44.347000 1052.798950 30.256001
44.408001 1054.873047 29.584999
45.567001 1054.079956 28.548000
44.285999 1053.225952 28.487000
46.116001 1052.432983 26.230000
45.567001 1053.592041 28.121000
43.615002 1052.982056 28.487000
46.360001 1053.104004 27.877001
44.224998 1052.494019 30.316999
43.310001 1052.615967 29.035999
44.103001 1053.469971 27.877001
41.053001 1052.982056 28.181999
45.201000 1052.859985 28.426001
46.237999 1054.689941 26.535000
45.383999 1052.921021 28.670000
43.919998 1052.494019 28.608999
43.798000 1052.250000 26.840000
44.347000 1053.652954 28.121000
44.834999 1053.896973 28.914000
43.310001 1054.689941 27.572001
43.980999 1051.822998 30.316999
43.798000 1052.128052 28.670000
43.066002 1055.300049 27.023001
44.042000 1052.188965 27.267000
44.469002 1053.286987 29.524000
44.591000 1052.555054 29.402000
45.932999 1052.371948 28.731001
44.896000 1054.629028 26.962000
43.737000 1053.348022 28.914000
45.018002 1053.531006 27.754999
42.700001 1054.506958 29.219000
44.408001 1052.555054 29.462999
44.469002 1052.188965 27.450001
45.445000 1053.531006 27.205999
44.469002 1052.677002 27.938000
45.627998 1051.761963 27.450001
45.445000 1052.921021 28.181999
44.652000 1053.469971 26.962000
44.713001 1052.128052 27.389000
44.591000 1052.677002 28.304001
44.896000 1052.555054 29.035999
44.469002 1053.896973 27.999001
43.554001 1051.884033 28.914000
44.469002 1053.713989 30.011999
44.285999 1055.116943 28.304001
45.445000 1052.738037 27.938000
45.811001 1052.738037 28.670000
44.957001 1054.262939 27.205999
45.627998 1052.982056 27.877001
44.591000 1053.409058 26.474001
45.627998 1053.713989 27.999001
43.980999 1053.652954 26.718000
44.652000 1053.165039 28.304001
44.408001 1052.677002 30.316999
43.737000 1053.104004 27.816000
45.445000 1052.371948 28.243000
45.383999 1053.652954 25.924999
44.469002 1052.067017 26.230000
43.859001 1052.738037 29.280001
43.126999 1054.140991 28.548000
45.506001 1052.982056 27.389000
43.798000 1053.836060 26.291000
45.078999 1052.859985 28.487000
43.370998 1052.921021 27.938000
43.737000 1053.286987 27.267000
44.652000 1055.056030 26.962000
45.201000 1053.104004 26.840000
44.713001 1052.921021 27.450001
43.737000 1052.798950 27.999001
45.811001 1053.592041 28.548000
44.469002 1051.822998 26.351999    
];
